1 1000
1 0.216763
1.5 0.217068
2 0.218475
2.5 0.218792
2.5 1000.
4.5 1000.
4.5 0.210144
5 0.208265
5.5 0.205546
6 0.207108
6.5 0.208221
7 0.206467
7.5 0.207853
8 0.207955
8 1000
12 1000
12 0.204843
12.5 0.206912
13 0.207362
13.5 0.208033
14 0.208488
14.5 0.208492
15 0.20843
15 0.966791
15.5 0.965306
16 0.961994
16.5 0.961889
17 0.965471
17.5 0.965966
18 0.959621
18.5 0.95986
19 0.964954
19.5 0.968998
20 0.970498
20.5 0.95933
21 0.951309
21.5 0.946196
22 0.937553
22.5 0.936481
23 0.922766
23.5 0.918697
24 0.915724
24.5 0.911569
25 0.914583
25.5 0.908191
26 0.901171
26.5 0.895149
27 0.884761
27.5 0.884608
28 0.890246
28.5 0.888395
29 0.885975
29.5 0.879913
30 0.870273
30.5 0.866448
31 0.865496
31.5 0.863272
32 0.862367
32.5 0.862166
33 0.859539
33.5 0.856416
34 0.853678
34.5 0.855003
35 0.855187
35.5 0.849862
36 0.84213
36.5 0.841565
37 0.841838
37.5 0.838363
38 0.83337
38.5 0.827561
39 0.816916
39.5 0.81056
40 0.805256
40.5 0.799551
41 0.793897
41.5 0.787831
42 0.781095
42.5 0.815529
43 1.10654
43.5 1.38556
44 1.42534
44.5 1.42997
45 1.42481
45.5 1.40362
46 1.3447
46.5 1.13096
47 0.828072
47.5 0.745503
48 0.736315
48.5 0.734798
49 0.731205
49.5 0.729003
50 0.723648
50.5 0.717649
51 0.712344
51.5 0.706128
52 0.703062
52.5 0.730256
53 0.835707
53.5 1.06957
54 1.20175
54.5 1.31004
55 1.47623
55.5 1.57015
56 1.56685
56.5 1.4631
57 1.26626
57.5 1.1348
58 1.0317
58.5 0.845798
59 0.71102
59.5 0.643229
60 0.619554
60 1000
