20 100
20 0.000318461
21 0.00039077
22 0.000315994
23 0.00018127
24 0.000131544
25 0.000119625
26 0.0001292
27 0.000128757
28 0.000292224
29 0.000318339
30 0.000194758
31 0.00028357
32 0.000219845
33 0.000214197
34 0.000226958
35 0.000256278
36 0.000436939
37 0.000586099
38 0.000664029
39 0.000422235
40 0.000507106
41.5 0.00075259
43 0.000366747
44.5 0.000273091
46 0.000499802
47.5 0.000640675
49 0.000650899
50 0.000848067
52 0.000614184
54 0.000299317
56 0.000308859
58 0.000392382
60 0.000337202
60 100
