10.271128417392415 0.0003163123900769563
10.76958121989345 0.000352635561670094
11.236880722238173 0.00044985977553282675
11.766486824895525 0.0005093742034613122
12.264939627396563 0.0004936949056328214
12.669932529428655 0.0004291545485911612
13.23069193224232 0.00037497161477132113
13.8226046352123 0.00037296156377332365
14.289904137557023 0.0004051550612239139
14.757203639901745 0.0004540325090117941
15.286809742559097 0.0004539549699894713
15.785262545060135 0.00038850849090771224
16.252562047404858 0.00032399293701602054
16.782168150062205 0.0002935516216263
18.21521995725269 0.0003237879340262667
18.775979360066355 0.00033051241909188455
20.333644367882098 0.0002813039033525872
20.832097170383133 0.00028566707766463376
21.268243372571536 0.00032853928776412707
22.296302277729925 0.0005631064245253716
22.794755080230964 0.0006409232779469677
23.324361182888318 0.0006441444743258899
23.76050738507672 0.0006020794526045758
24.66395308960985 0.0004410038439547448
25.255865792579833 0.00037352028732885663
25.754318595080868 0.0003734602500764179
26.252771397581906 0.00040150816545935256
26.78237750023926 0.0003993638886360266
27.77928310524133 0.00028650922623446324
28.246582607586053 0.00027913615298712045
28.807342010399722 0.0003469740375696726
29.21233491243181 0.00047350563993604674
29.710787714932852 0.0005978180430479189
30.271547117746515 0.0006561693649080509
31.299606022904904 0.0005248813246161078
31.766905525249626 0.0005220886569181594
32.826117730564334 0.0005789275376755405
33.72956343509746 0.0005495200277644967
34.32147613806744 0.0005786484232588743
34.78877564041217 0.0006900768127111944
35.31838174306951 0.0007613776863159308
35.81683454557054 0.0007303297865490529
36.81374015057263 0.0004674742610045547
37.249886352761024 0.00044610170602396625
38.24679195776311 0.000577916387995087
39.181390962452554 0.0008050533689454592
39.74215036526621 0.0010484996684252802
40.271756467923566 0.0011449016398531338
40.80136257058092 0.0010812557704625594
41.299815373081955 0.0009253716237040164
41.76711487542667 0.0007289296922162615
42.26556767792772 0.0005565987817193097
42.764020480428755 0.0004788300591800975
43.26247328292979 0.00046892775087503473
43.729772785274506 0.0005282299614816392
44.10361238715028 0.0006431680189769185
44.477451989026065 0.0008290704121604577
44.757831690432894 0.0010042792771887512
45.225131192777624 0.0011549874291146673
45.754737295434964 0.0011668255029782919
46.25319009793601 0.0009530834268801265
46.50241649918652 0.0007785577429509217
46.81394950074967 0.0006133129114861198
47.0943292021565 0.0005062213816600285
47.25009570293808 0.00044466535580036553
47.74854850543912 0.0004092049171855866
48.30930790825278 0.00046574444128669564
48.74545411044119 0.0005941595731395773
49.24390691294222 0.0006762677260540298
49.804666315755895 0.0006657112238239395
50.39657901872589 0.000513608532243535
50.77041862060166 0.00044186422124996007
51.268871423102695 0.0003703999478828842
51.73617092544741 0.00035163437091406197
52.35923692857371 0.000358929963540465
52.79538313076212 0.00041926738428023347
53.29383593326315 0.000523880352869348
53.66767553513894 0.0006823417049531304
54.19728163779628 0.0008350893124758553
54.726887740453634 0.0008839431114793168
55.25649384311099 0.0007967495774496644
55.78609994576833 0.0006440797625965192
56.191092847800434 0.0004918235876250814
56.68954565030147 0.0003755484412503861
57.21915175295882 0.00030358742286163624
57.77991115577248 0.0002694155716718233
58.24721065811721 0.0002665964827515115
58.77681676077455 0.0002807335972026338
59.804875665932954 0.0003751713301136745
60.67716807030976 0.0004936651466321624
61.26908077327974 0.0004910188340005513
61.767533575780774 0.00046856042466331653
