3.7273 5.
3.7273 0.0424
3.7476 0.0437
3.768 0.0449
3.7886 0.0462
3.8092 0.0475
3.8298 0.0489
3.8508 0.0503
3.8718 0.0517
3.8928 0.0532
3.914 0.0532
3.9354 0.0548
3.9567 0.0563
3.9783 0.058
4.0 0.0596
4.0218 0.0596
4.0437 0.0613
4.0657 0.0613
4.0878 0.0631
4.1101 0.0631
4.1325 0.0631
4.1325 0.0649
4.155 0.0649
4.1776 0.0668
4.2004 0.0668
4.2232 0.0668
4.2462 0.0687
4.2694 0.0687
4.2926 0.0707
4.316 0.0707
4.3395 0.0707
4.3631 0.0727
4.3869 0.0727
4.3869 0.0748
4.4108 0.0748
4.4348 0.0748
4.4588 0.0769
4.4832 0.0769
4.5076 0.0792
4.5322 0.0792
4.5568 0.0792
4.5817 0.0792
4.6066 0.0814
4.6317 0.0814
4.6569 0.0814
4.6823 0.0814
4.7078 0.0814
4.7334 0.0814
4.7591 0.0838
4.7851 0.0838
4.8111 0.0838
4.8373 0.0838
4.8637 0.0838
4.8902 0.0862
4.9167 0.0862
4.9436 0.0862
4.9705 0.0862
4.9976 0.0887
5.0248 0.0887
5.0521 0.0887
5.0796 0.0887
5.1073 0.0887
5.1351 0.0887
5.1631 0.0887
5.1912 0.0912
5.2195 0.0912
5.2479 0.0912
5.2765 0.0912
5.3052 0.0912
5.3341 0.0912
5.3631 0.0912
5.3923 0.0912
5.4217 0.0912
5.4512 0.0912
5.4809 0.0912
5.5108 0.0912
5.5408 0.0937
5.5709 0.0937
5.6013 0.0937
5.6318 0.0937
5.6623 0.0937
5.6933 0.0937
5.7243 0.0937
5.7553 0.0937
5.7868 0.0937
5.8183 0.0937
5.85 0.0937
5.8818 0.0937
5.9139 0.0937
5.9461 0.0937
5.9784 0.0937
6.011 0.0937
6.0437 0.0937
6.0766 0.0937
6.1097 0.0965
6.143 0.0965
6.1764 0.0965
6.2101 0.0965
6.2439 0.0965
6.2779 0.0965
6.3121 0.0965
6.3465 0.0965
6.381 0.0965
6.4158 0.0965
6.4506 0.0965
6.4858 0.0965
6.5211 0.0965
6.5567 0.0965
6.5924 0.0965
6.6282 0.0965
6.6644 0.0993
6.7006 0.0993
6.737 0.0993
6.7738 0.0993
6.8107 0.0993
6.8477 0.0993
6.8851 0.0993
6.9226 0.0993
6.9603 0.1021
6.9982 0.1021
7.0363 0.1021
7.0746 0.1021
7.1131 0.1021
7.1519 0.1021
7.1908 0.1021
7.23 0.1021
7.2692 0.1021
7.3089 0.1021
7.3487 0.1051
7.3887 0.1051
7.429 0.1051
7.4694 0.1051
7.5101 0.1051
7.551 0.1051
7.592 0.1051
7.6334 0.1051
7.675 0.1051
7.7168 0.1051
7.7588 0.1081
7.8011 0.1081
7.8436 0.1081
7.8862 0.1081
7.9292 0.1081
7.9724 0.1081
8.0158 0.1081
8.0594 0.1081
8.1033 0.1081
8.1475 0.1081
8.1918 0.1112
8.2364 0.1112
8.2812 0.1112
8.3264 0.1112
8.3717 0.1112
8.4173 0.1112
8.4631 0.1144
8.5091 0.1144
8.5556 0.1144
8.6021 0.1144
8.649 0.1177
8.6961 0.1177
8.7433 0.1177
8.7911 0.1211
8.8389 0.1211
8.8871 0.1246
8.9355 0.128
8.9841 0.1318
9.033 0.1356
9.0822 0.1395
9.1317 0.1435
9.1814 0.1476
9.2314 0.1519
9.2314 0.1562
9.2314 0.1608
9.2817 0.1654
9.2817 0.1701
9.2817 0.175
9.2817 0.18
9.3322 0.1852
9.3322 0.1905
9.3322 0.196
9.3322 0.2017
9.383 0.2075
9.383 0.2134
9.383 0.2196
9.383 0.2259
9.4341 0.2324
9.4341 0.2389
9.4341 0.2459
9.4855 0.253
9.4855 0.2602
9.4855 0.2677
9.5371 0.2677
9.5891 0.2753
9.6413 0.2753
9.6938 0.2753
9.7466 0.2753
9.7997 0.2833
9.853 0.2833
9.9066 0.2915
9.9606 0.2915
9.9606 0.2999
10.0149 0.3085
10.0694 0.3085
10.1242 0.3173
10.1794 0.3265
10.1794 0.3173
10.2348 0.3085
10.2348 0.2999
10.2348 0.2915
10.2905 0.2833
10.2905 0.2753
10.2905 0.2677
10.3466 0.2602
10.3466 0.253
10.3466 0.2459
10.4029 0.2389
10.4029 0.2324
10.4595 0.2259
10.4595 0.2196
10.5165 0.2196
10.5165 0.2134
10.5165 0.2075
10.5737 0.2017
10.5737 0.196
10.6313 0.1905
10.6313 0.1852
10.6313 0.18
10.6892 0.175
10.7473 0.175
10.806 0.1701
10.8648 0.1701
10.924 0.1654
10.9835 0.1654
11.0433 0.1701
11.1034 0.1701
11.1639 0.1701
11.2247 0.175
11.2858 0.175
11.3472 0.175
11.409 0.18
11.4712 0.18
11.5335 0.1852
11.5964 0.1852
11.6596 0.1852
11.7231 0.1905
11.7869 0.1905
11.8511 0.196
11.9156 0.196
11.9805 0.196
12.0457 0.2017
12.1113 0.2017
12.1773 0.2017
12.2436 0.2075
12.3103 0.2075
12.3773 0.2075
12.3773 0.2134
12.4447 0.2134
12.5125 0.2134
12.5806 0.2196
12.6491 0.2196
12.718 0.2196
12.7872 0.2259
12.8569 0.2259
12.9268 0.2259
12.9973 0.2324
13.0681 0.2324
13.1392 0.2324
13.2107 0.2389
13.2827 0.2389
13.355 0.2389
13.4278 0.2459
13.5009 0.2459
13.5744 0.253
13.6482 0.253
13.7226 0.2602
13.7974 0.2677
13.8725 0.2677
13.948 0.2753
14.024 0.2753
14.1003 0.2833
14.1771 0.2833
14.2543 0.2915
14.3319 0.2999
14.41 0.2999
14.4885 0.3085
14.5674 0.3085
14.6467 0.3173
14.7264 0.3173
14.8066 0.3265
14.8873 0.3359
14.9683 0.3359
15.0498 0.3359
15.1318 0.3455
15.2142 0.3455
15.297 0.3455
15.3803 0.3554
15.4641 0.3554
15.5483 0.3554
15.633 0.3657
15.7181 0.3657
15.8037 0.3657
15.8897 0.3761
15.9763 0.3761
16.0633 0.3761
16.1507 0.387
16.2387 0.387
16.3271 0.387
16.416 0.3981
16.5053 0.3981
16.5953 0.3981
16.6856 0.3981
16.7765 0.4096
16.8679 0.4096
16.9597 0.4096
17.0521 0.4213
17.1449 0.4213
17.2383 0.4213
17.3322 0.4334
17.4264 0.4334
17.5213 0.4334
17.6168 0.4459
17.7128 0.4459
17.8092 0.4459
17.9062 0.4586
18.0037 0.4586
18.1017 0.4586
18.2003 0.4586
18.2993 0.4719
18.3991 0.4719
18.4993 0.4719
18.6 0.4855
18.7013 0.4855
18.8031 0.4855
18.9055 0.4855
19.0085 0.4994
19.112 0.4994
19.216 0.4994
19.3207 0.5138
19.4259 0.5138
19.5316 0.5138
19.638 0.5285
19.745 0.5285
19.8525 0.5285
19.9606 0.5436
20.0693 0.5436
20.1786 0.5436
20.2884 0.5594
20.3989 0.5594
20.51 0.5594
20.6217 0.5594
20.734 0.5754
20.8469 0.5754
20.9604 0.5754
21.0745 0.5754
21.1893 0.5754
21.3047 0.5754
21.4207 0.5754
21.5373 0.5754
21.6545 0.5754
21.7725 0.5754
21.8911 0.5754
22.0103 0.5754
22.1302 0.5754
22.2507 0.5754
22.3718 0.592
22.4937 0.592
22.616 0.592
22.7393 0.592
22.8631 0.592
22.9876 0.592
23.1128 0.592
23.2387 0.592
23.3652 0.592
23.4924 0.592
23.6204 0.592
23.749 0.592
23.8782 0.592
24.0083 0.592
24.1391 0.592
24.2705 0.592
24.4027 0.609
24.5356 0.609
24.6692 0.609
24.8035 0.609
24.9386 0.609
25.0744 0.609
25.2109 0.609
25.3482 0.6265
25.4862 0.6265
25.625 0.6265
25.7645 0.6265
25.9048 0.6265
26.0459 0.6265
26.1877 0.6265
26.3303 0.6265
26.4737 0.6444
26.6179 0.6444
26.7628 0.6444
26.9085 0.6444
27.0551 0.6444
27.2024 0.6444
27.3505 0.6444
27.4995 0.663
27.6492 0.663
27.7997 0.663
27.951 0.663
28.1034 0.663
28.2564 0.663
28.4102 0.663
28.565 0.6821
28.7205 0.6821
28.8769 0.6821
29.0341 0.6821
29.1922 0.6821
29.3512 0.6821
29.511 0.6821
29.6717 0.7017
29.8333 0.7017
29.9958 0.7017
30.1591 0.7017
30.3233 0.7017
30.4885 0.7017
30.6545 0.7017
30.8214 0.7219
30.9891 0.7219
31.158 0.7219
31.3277 0.7219
31.4982 0.7219
31.6698 0.7219
31.8422 0.7426
32.0156 0.7426
32.19 0.7426
32.3652 0.7426
32.5415 0.7426
32.7187 0.7426
32.8969 0.7426
33.076 0.764
33.2561 0.764
33.4372 0.764
33.6193 0.764
33.8023 0.764
33.9864 0.764
34.1715 0.7859
34.3576 0.7859
34.5446 0.7859
34.7328 0.7859
34.9219 0.7859
35.1121 0.7859
35.3033 0.8085
35.4955 0.8085
35.6888 0.8085
35.8831 0.8085
36.0785 0.8085
36.275 0.8085
36.4725 0.8317
36.6711 0.8317
36.8708 0.8317
37.0716 0.8317
37.2735 0.8317
37.4764 0.8317
37.6804 0.8557
37.8857 0.8557
38.092 0.8557
38.2993 0.8557
38.508 0.8557
38.7177 0.8557
38.9285 0.8803
39.1405 0.8803
39.3536 0.8803
39.5678 0.8803
39.7833 0.8803
40.0 0.8803
40.2178 0.8803
40.4368 0.9056
40.657 0.9056
40.8784 0.9056
41.101 0.9316
41.3248 0.9316
41.5497 0.9584
41.7761 0.9859
42.0036 0.9859
42.2323 1.0143
42.4623 1.0143
42.6935 1.0434
42.926 1.0734
43.1597 1.0734
43.3948 1.1043
43.6311 1.136
43.8687 1.136
43.8687 1.1687
44.1075 1.1687
44.3477 1.2023
44.5892 1.2023
44.8319 1.2368
45.0761 1.2368
45.3216 1.2724
45.5684 1.309
45.8165 1.309
46.066 1.3466
46.3169 1.3853
46.5691 1.3853
46.5691 1.4251
46.8227 1.4251
47.0776 1.4661
47.334 1.4661
47.5918 1.5082
47.8509 1.5082
47.8509 1.5516
48.1115 1.5516
48.3735 1.5962
48.6369 1.642
48.9017 1.642
49.168 1.6892
49.4357 1.6892
49.4357 1.7378
49.7048 1.7378
49.9756 1.7877
50.2477 1.7877
50.5213 1.8391
50.5213 1.7877
50.2477 1.7378
50.2477 5.