20 1.
20 9.66614e-05
20.5 0.000205584
21 0.000159027
21.5 0.000143675
22 0.000375551
22.5 0.000398573
23 0.00016303
23.5 0.000109467
24 0.000136436
24.5 0.000217256
25 0.000230592
25.5 0.000101572
26 0.000104011
26.5 0.000134874
27 0.000155194
27.5 9.73512e-05
28 0.000160438
28.5 0.000240005
29 0.00019915
29.5 0.000212488
30 0.000192237
30.5 0.00013552
31 0.000171925
31.5 0.000128406
32 0.00012292
32.5 0.000249665
33 0.000354857
33.5 0.000276297
34 0.000170448
34.5 0.000142367
35 0.000284467
35.5 0.000395485
36 0.000337127
36.5 0.000285846
37 0.000228817
37.5 0.000315382
38 0.000355978
38.5 0.000337563
39 0.000364816
39.5 0.000411884
40 0.000466163
40.5 0.000465647
41 0.000338078
41.5 0.00026253
42 0.000246581
42.5 0.000213106
43 0.00021424
43.5 0.00024353
44 0.000204454
44.5 0.000160424
45 0.000233774
45.5 0.000336476
46 0.000361877
46.5 0.000249405
47 0.000204576
47.5 0.000264143
48 0.000432501
48.5 0.000626231
49 0.000684998
49.5 0.000634123
50 0.000487043
50.5 0.000306194
51 0.000321499
51.5 0.000385052
52 0.000390688
52.5 0.000323393
53 0.000258061
53.5 0.000236084
54 0.00023554
54.5 0.000225479
55 0.000195205
55.5 0.000196778
56 0.000202721
56.5 0.000260989
57 0.000267762
57.5 0.000247553
58 0.000202562
58.5 0.000160898
59 0.000151242
59.5 0.000155952
60 0.000158998
60.5 0.000230278
61 0.00040441
61.5 0.000282239
62 0.000146831
62.5 0.000102495
62.5 1.
