20 0.140741
20.5 0.158818
21 0.144016
21.5 0.108747
22 0.129175
22.5 0.133728
23 0.0951692
23.5 0.0904762
24 0.0960637
24.5 0.121222
25 0.112149
25.5 0.0881576
26 0.0818863
26.5 0.0789596
27 0.0778447
27.5 0.0767584
28 0.0758151
28.5 0.0759836
29 0.0770792
29.5 0.0721882
30 0.0714837
30.5 0.0730531
31 0.0703059
31.5 0.0711451
32 0.0740154
32.5 0.0706693
33 0.0685118
33.5 0.070833
34 0.0686668
34.5 0.0739461
35 0.0860139
35.5 0.105444
36 0.104283
36.5 0.0870264
37 0.0756881
37.5 0.0695995
38 0.0661072
38.5 0.0670411
39 0.0672521
39.5 0.0686377
40 0.0655226
40.5 0.0682245
41 0.0674609
41.5 0.0754444
42 0.0749365
42.5 0.065821
43 0.0624318
43.5 0.0601959
44 0.0604966
44.5 0.0627425
45 0.0632301
45.5 0.0710763
46 0.0669813
46.5 0.06561
47 0.0587276
47.5 0.061854
48 0.0701236
48.5 0.0855395
49 0.0979773
49.5 0.0959228
50 0.083454
50.5 0.069147
51 0.0599734
51.5 0.0568697
52 0.0590206
52.5 0.0659654
53 0.068441
53.5 0.0643741
54 0.057202
54.5 0.0563306
55 0.0537529
55.5 0.0514036
56 0.0549283
56.5 0.0596479
57 0.0575923
57.5 0.0527181
58 0.0487328
58.5 0.0447492
59 0.0429648
59.5 0.0401324
60 0.0407139
60.5 0.0402232
61 0.0430096
61.5 0.0454912
62 0.0517579
62.5 0.0558274
